2 0.6622596153846154 0.6358173076923077 0.11298076923076923 0.036057692307692304
2 0.6586538461538461 0.5733173076923077 0.12740384615384615 0.03365384615384615
2 0.6682692307692307 0.4110576923076923 0.13701923076923078 0.036057692307692304
2 0.6622596153846154 0.34615384615384615 0.10817307692307693 0.040865384615384616
2 0.6502403846153846 0.5240384615384616 0.12740384615384615 0.03365384615384615
2 0.6514423076923077 0.4651442307692308 0.12740384615384615 0.03365384615384615
2 0.3389423076923077 0.6346153846153846 0.10336538461538461 0.040865384615384616
2 0.3125 0.5841346153846154 0.10576923076923077 0.040865384615384616
2 0.3004807692307692 0.3137019230769231 0.09375 0.036057692307692304
2 0.2704326923076923 0.4182692307692308 0.10817307692307693 0.03125
2 0.27283653846153844 0.37259615384615385 0.11298076923076923 0.03125
2 0.26322115384615385 0.4807692307692308 0.10817307692307693 0.03125