2 0.6129807692307693 0.6959134615384616 0.11778846153846154 0.055288461538461536
2 0.6201923076923077 0.6322115384615384 0.13221153846153846 0.055288461538461536
2 0.6598557692307693 0.46634615384615385 0.14182692307692307 0.0625
2 0.6658653846153846 0.40024038461538464 0.11538461538461539 0.06009615384615385
2 0.6201923076923077 0.578125 0.13221153846153846 0.055288461538461536
2 0.6334134615384616 0.5180288461538461 0.13221153846153846 0.055288461538461536
2 0.28125 0.6346153846153846 0.11057692307692307 0.057692307692307696
2 0.26322115384615385 0.5805288461538461 0.11298076923076923 0.057692307692307696
2 0.3004807692307692 0.3004807692307692 0.10096153846153846 0.052884615384615384
2 0.2512019230769231 0.40024038461538464 0.11298076923076923 0.052884615384615384
2 0.2608173076923077 0.3545673076923077 0.11778846153846154 0.05048076923076923
2 0.23076923076923078 0.4651442307692308 0.11298076923076923 0.052884615384615384