2 0.3737980769230769 0.6574519230769231 0.11298076923076923 0.04326923076923077
2 0.375 0.5949519230769231 0.125 0.038461538461538464
2 0.35697115384615385 0.4338942307692308 0.13701923076923078 0.04326923076923077
2 0.359375 0.36899038461538464 0.10817307692307693 0.04567307692307692
2 0.38100961538461536 0.5444711538461539 0.12740384615384615 0.038461538461538464
2 0.3762019230769231 0.4855769230769231 0.125 0.036057692307692304
2 0.6959134615384616 0.6394230769230769 0.10336538461538461 0.04567307692307692
2 0.7199519230769231 0.5889423076923077 0.10576923076923077 0.04567307692307692
2 0.7163461538461539 0.31850961538461536 0.09375 0.040865384615384616
2 0.7536057692307693 0.4206730769230769 0.10817307692307693 0.036057692307692304
2 0.7487980769230769 0.375 0.11298076923076923 0.038461538461538464
2 0.7644230769230769 0.4831730769230769 0.10817307692307693 0.036057692307692304